 1866   1.0  -0.1   0.9   0.3  -0.2   0.8   0.3   0.4  -0.1   0.0  -0.0   0.5
 1867   1.2   0.0   1.3   0.3  -0.2   0.1  -0.0  -0.2  -0.6  -1.0   1.8   0.6
 1868  -0.2   0.5   1.0   0.8   1.5   1.4   0.6   0.9   0.6   0.7   1.8   0.4
 1869   1.5   1.0   2.3  -2.6  -1.6  -1.3  -0.3  -1.3  -0.4  -1.5  -0.9  -1.2
 1870  -2.3  -1.2   1.5   0.6   0.9   1.0  -0.1  -1.0  -0.2   0.4   0.7   1.6
 1871   0.7   0.7   2.1   0.2   0.3   0.1   0.2   0.1  -0.3  -0.5  -0.5  -0.1
 1872  -3.0  -1.4  -1.8   2.3  -0.8  -2.3  -1.9  -1.1  -2.0  -1.6  -1.5  -2.7
 1873  -2.5   0.9   1.1   0.7   2.2   4.4   2.5   1.0   3.1   0.4   0.2  -2.3
 1874  -0.3   1.8   2.0   0.0  -0.7   1.1   0.4   0.3  -1.1  -2.0  -0.0  -2.4
 1875  -0.2   0.0   2.2   0.0  -0.3  -1.3  -0.0   0.3  -1.4  -3.0   0.3  -0.5
 1876  -1.4  -1.1  -1.0  -1.2   0.0  -0.2   1.5   0.2  -0.3   0.4  -0.1   1.5
 1877   0.6   1.3  -0.0   1.5   0.2   2.6   2.0   1.3   1.9   2.0   1.6   1.4
 1878   0.6   2.9   0.9   0.3  -0.3   0.1  -1.1   0.5  -1.7  -1.4  -0.5  -2.2
 1879  -1.1  -1.1  -0.4  -0.1  -0.3  -0.4  -1.1  -1.0  -0.8  -0.7  -1.0  -0.5
 1880  -1.9   0.4  -0.7   0.6  -0.6   0.1   1.3   0.4   0.6   1.0   1.1   0.9
 1881   0.7   0.9   1.8   1.9   0.0   0.2   1.5   1.5   1.2   2.1  -0.9  -0.8
 1882   0.2  -0.1   0.1  -0.9  -1.5   0.0   0.3   0.6  -0.1  -1.2   0.8  -1.5
 1883   1.1   0.2   1.8  -1.0  -0.4   0.1   0.2  -0.9   0.0  -0.4  -1.5  -0.4
 1884   1.1   1.2   0.1   1.6   0.3   0.1   0.4  -0.0   0.1   0.3   0.3   0.1
 1885   1.1   0.0   1.0   1.1   1.8   1.1   1.3   0.6   1.2   2.0   2.4  -0.3
 1886   1.7  -0.6   1.0  -0.1  -0.6   0.0  -1.1  -1.5  -1.2  -0.9  -0.6  -2.9
 1887  -0.6  -1.6  -0.3  -0.8  -0.1   0.2   0.8  -0.0   0.2   0.4   0.7   0.7
 1888  -0.7   0.5   2.3   1.0   0.3   0.8   0.9   0.8   0.7   1.4   1.2   1.5
 1889   2.8   2.0   2.8   0.7   0.2  -1.2  -0.0   0.4  -1.0  -0.4  -2.9  -2.9
 1890  -2.1  -0.1  -0.6  -0.8  -0.1  -1.0  -0.2  -0.4  -1.3  -0.9   0.5   0.2
 1891  -0.9   0.4   1.8   0.6   1.3   0.8   1.4   2.1   1.8   0.8   1.4   1.6
 1892   0.3   1.7  -1.5   0.4   0.8  -0.4   0.2  -0.4  -0.7  -1.4  -0.7  -0.1
 1893  -0.5  -0.8   1.4  -0.3   0.2  -0.5  -0.6   0.4  -0.3  -1.0  -0.1   0.5
 1894  -2.7  -0.3   0.1   0.0   0.8   0.4   1.0  -0.2   0.1   0.2   0.3   0.4
 1895  -0.7   0.7   1.0   0.6   1.3   0.5   0.1  -0.0  -0.2   0.2   2.1   0.4
 1896  -0.0  -0.2   0.4  -0.2   2.8   1.0   0.7   2.2   1.7   2.3   1.4   2.3
 1897   1.4   0.9   2.4   1.4   1.8   0.3   0.9   0.4  -0.2   0.1   0.4  -1.6
 1898  -0.1  -1.2  -3.4  -0.2   0.6  -0.2   0.3  -0.1  -1.2  -1.0  -1.8  -1.1
 1899  -0.7   0.9  -1.2  -0.1   0.5   0.7   0.7   0.2   0.6   1.2   1.1   0.8
 1900   1.5   1.7   2.5   1.4   0.6  -0.3  -0.7  -1.4  -0.5   0.0   0.4   1.1
 1901   0.3   0.4  -0.0   0.4   0.6  -0.1   0.4   0.5   0.9  -0.1   1.2   0.1
 1902  -0.4   1.7   0.7   0.9   1.9   0.8   1.2   0.8   1.5   1.6   2.2   1.1
 1903   1.9   2.2  -1.5  -0.4   0.1   0.5  -1.2   0.2  -0.7  -0.6  -0.3  -1.9
 1904  -0.3  -0.9  -0.3  -1.8  -0.1   1.0   0.5   0.6   0.1  -0.7   1.4   0.6
 1905   1.5   1.5   3.3   1.3   0.2   0.4   0.9   1.0  -0.1  -0.3   2.1   1.3
 1906   0.3   0.8   1.2   0.6   0.2  -0.2  -0.8  -0.1  -1.4  -0.8  -1.5  -0.5
 1907  -1.2  -0.2   0.6   0.4   0.5  -0.7  -0.4   0.2   0.2   0.0  -0.0  -1.4
 1908   1.5  -0.8  -0.1  -1.3   0.3   0.6   0.2  -0.2  -0.2  -0.4  -0.3  -0.4
 1909  -0.6   1.2  -1.6   0.3  -0.4  -0.7  -0.7  -0.7  -0.7  -1.0  -0.4  -0.6
 1910  -1.8  -1.4  -0.6  -1.2   0.2  -1.2  -1.0  -0.8  -1.3   0.0  -1.6  -1.6
 1911  -0.7  -0.8   0.4  -0.8   0.9   1.7   0.7   0.8   0.2   1.4   1.2   0.3
 1912   1.4   2.6   0.7   2.3   1.5   0.1  -0.8   0.7  -0.7   0.4   0.1   1.3
 1913  -0.2   0.6  -0.5   0.2   1.5   1.0   1.1   0.4   1.4   1.3   1.4   0.8
 1914   2.3   2.1   0.1   0.9   0.2   1.1   1.6   2.1   1.5   2.8   2.0   1.3
 1915   2.4   1.3   3.2   1.9   0.8  -0.6  -0.8  -0.0  -1.4  -0.7  -0.2  -1.9
 1916  -1.0  -0.5   0.2   0.4  -1.0  -1.9  -1.6  -0.3  -1.1  -1.6  -1.0  -3.1
 1917  -0.1   0.9  -1.6  -0.9  -0.4  -1.2  -1.8  -1.7  -1.5  -0.9  -1.3  -2.2
 1918  -0.7  -1.0   1.5  -0.4  -0.2   0.1   1.2   0.9   2.2   0.6   0.5   0.7
 1919   1.0   2.4   1.1   0.0   0.0   0.6   0.4   1.1   0.4   0.6   1.1   0.8
 1920  -1.1   0.5   1.5  -0.5  -0.1  -2.1  -1.6  -0.6  -0.9  -0.4  -0.3  -1.8
 1921  -1.3   0.1  -0.7   0.6  -0.9  -1.7  -0.7   0.5   0.1  -0.2   0.2  -1.1
 1922  -0.7  -1.3  -0.6   0.0  -0.3  -0.7  -0.2   0.3  -0.4   0.0  -0.0  -1.1
 1923  -1.1   0.1  -1.0  -1.3  -0.7  -0.7   1.1   2.0   0.5   0.8   0.8  -0.3
 1924   1.2   0.4  -0.1   0.0  -0.4   0.0   0.4   0.2   0.1  -1.1  -0.7  -1.5
 1925  -0.8  -2.5  -2.2  -1.5  -0.4  -0.2   1.1   0.2   0.9   1.0   1.6   1.0
 1926   0.3   2.1   2.0   0.8   0.2   0.5   0.1   0.3  -0.5  -0.8   0.8  -0.8
 1927  -1.1   0.5  -0.6  -0.8  -0.2  -0.5  -0.4   0.7   0.5   0.6   0.8  -0.2
 1928   2.1  -0.6  -0.9  -0.4   1.0   0.5  -0.1   0.6  -0.2  -1.3   0.9  -1.0
 1929  -3.1  -2.1  -0.0   0.1   1.0   1.1   0.9   0.6   0.6   0.2  -0.7  -1.0
 1930  -1.4   0.2   0.8   0.6   1.1   0.6   0.7   1.0   1.3   1.1   2.1   0.6
 1931   0.1   1.9   1.2   0.0   0.5   0.4   0.4  -0.1  -0.7   0.8   0.2  -0.5
 1932  -0.9   1.0   0.5   0.8   0.1   0.2   0.7   0.9  -0.2  -0.4   0.3  -0.9
 1933   0.6  -0.9  -0.7   0.1   0.3   0.2   0.2   0.7  -0.2  -0.8  -0.6  -0.9
 1934  -0.3   0.9  -0.4  -0.6   0.5  -0.6  -0.3   1.0   0.3   0.3  -0.1   0.1
 1935  -0.8   1.0  -1.4   0.0   1.1   0.5  -0.1   0.9  -1.1  -0.9   0.5   0.8
 1936   0.5   0.5   0.2  -0.3  -0.8   0.3  -0.3  -0.5  -0.3   0.1   0.7  -0.5
 1937  -1.0   1.4  -1.4  -0.2   1.1  -0.1   0.6  -0.0   0.6   0.3  -0.4  -0.8
 1938  -1.0  -0.8   0.6  -0.4  -1.1  -0.9  -1.0  -0.9  -0.2   0.1  -0.9  -0.5
 1939  -1.4  -0.5  -0.9  -0.3   0.3   0.1  -0.0  -1.0   1.4   1.0   0.5   1.9
 1940  -0.5   0.1   1.3   1.3   1.3   1.7   1.5   1.5   2.2   3.2   0.9   2.6
 1941   1.6   3.3   1.3   1.2   0.3   1.4   2.6   1.9   0.8   1.3   0.5   1.5
 1942   2.3  -0.1   1.2   0.9  -1.1  -0.5   0.4  -0.5  -0.8  -1.1  -0.4  -0.6
 1943   0.1  -1.5  -0.0  -0.6  -0.1   0.8  -0.2  -0.6  -0.8  -0.9  -0.3   0.4
 1944   1.0   0.3   0.2   0.8   0.7   0.8   1.2   0.9   0.5   0.7   0.3  -1.0
 1945   0.3   0.0  -1.6   0.9   0.4  -0.5   0.6  -0.4   0.0   0.5   0.6  -0.1
 1946   0.1  -0.9   1.2   1.0   0.7   0.9   1.0   0.8   0.8   1.2   0.5   0.0
 1947   1.3  -0.1  -0.4   0.2   1.5   0.3   0.4  -1.0  -0.4   0.0  -0.5  -0.6
 1948   1.1   0.1   0.2  -0.4  -0.1   0.4  -0.5  -0.4   0.3  -0.2  -1.1   0.4
 1949   1.1  -0.8  -1.2   0.7   0.2   1.2   0.2   0.8  -0.1  -0.8   0.3  -2.1
 1950  -1.5  -2.1  -0.9  -1.7  -1.0  -1.6  -0.7  -0.6  -0.2  -1.1  -2.2  -2.9
 1951  -0.9  -1.3  -0.4   0.0   1.0  -1.1   0.5   0.6   0.6   0.8   0.8   1.6
 1952   0.5   0.7   0.9   0.9  -0.6   0.2   0.2  -0.0   0.2  -0.7  -1.0   1.1
 1953   0.7   0.9   0.6  -0.5   2.2   0.2   1.1   0.4   1.3   0.2   0.7   0.8
 1954  -1.3   0.9   0.3  -1.7  -0.8   0.0  -0.4  -0.8   0.0   0.1   0.4  -0.8
 1955   2.1  -2.7  -0.7  -0.5  -1.5  -1.4  -1.1  -1.2  -1.0  -1.3  -1.1   0.3
 1956  -1.4  -1.7  -0.5  -1.1  -1.8  -1.0  -1.6  -1.1  -0.5  -0.9  -0.0  -1.7
 1957   0.3   0.0   0.4   0.1   1.4   0.2   0.1   0.7   1.2   0.9   1.1   0.4
 1958   2.3   0.7   0.7  -0.5   0.0  -0.7  -0.4  -1.0  -0.4  -1.0   0.4   1.0
 1959  -0.1   2.3  -0.5  -0.5  -0.5   0.5   0.7   0.5   0.0  -0.1  -1.0  -1.2
 1960   0.3   0.3  -0.3  -0.9  -0.9   0.2  -0.3  -0.1  -1.4   0.1  -0.0  -0.1
 1961   1.0   0.0   2.2  -0.2   0.2   0.5   0.3   0.6   0.2  -0.2   0.5  -0.6
 1962  -1.1   1.0   1.0   0.4  -0.8  -0.8  -0.5   0.7  -0.8  -0.9  -0.6   0.0
 1963  -0.3   1.6  -0.7  -0.9  -0.6   1.0   0.7  -0.2   0.8   1.8   1.6   1.7
 1964   1.1   0.7  -0.4  -0.3  -0.4  -0.5  -0.8  -0.5  -1.5  -1.1  -0.9   0.3
 1965   0.1  -0.7  -0.5   1.8   0.3   1.7   2.7   1.1   1.4   1.8   1.7  -0.7
 1966   1.3   0.3   1.2   0.5   1.4   1.0   0.1  -0.0   0.2   0.7   0.2   0.3
 1967  -1.2  -0.8  -0.2   1.3   0.1   0.2  -0.0   0.2   0.8   0.2   0.2   0.5
 1968  -2.1  -1.3   0.8   0.3  -1.4  -0.1  -0.1   0.1   0.3   0.4   1.1   0.0
 1969  -0.4  -0.1   0.9   1.5   0.1   0.4   0.7   0.8  -0.1   0.9   0.4  -0.4
 1970   2.0   0.8  -0.2   0.6  -0.3  -0.5   1.0  -0.6  -1.8  -1.9  -1.2  -2.1
 1971  -0.4  -1.9  -1.4  -1.4  -0.5   0.7  -0.3  -0.9  -1.1  -1.1  -0.4  -1.5
 1972  -0.4  -1.3  -0.7   1.2   2.8   0.5   1.0   1.2   1.8   2.0   1.1   2.3
 1973   1.1   1.9  -0.4  -0.4  -0.1  -1.3  -0.4  -1.1  -0.5  -0.6  -3.0  -0.7
 1974  -2.2  -2.0  -1.9  -0.6   0.1   0.1  -0.2  -0.5  -0.9  -1.0  -1.0  -1.2
 1975   0.2   0.5  -0.8  -1.6  -0.5  -0.9  -1.1  -1.3  -1.5  -1.7  -0.7  -1.8
 1976  -1.1  -1.0  -1.8   0.5   1.1   0.3   1.2   1.5   1.0  -0.7  -0.9  -0.8
 1977  -0.3  -0.8   0.7  -0.1   0.4   1.2   0.8   1.0   1.0   1.7   1.3   0.8
 1978   2.0   2.5   2.1   0.7  -1.6  -1.2  -1.5  -0.7  -0.3   0.1   0.4   0.1
 1979  -0.2   0.5   0.5   0.3   0.3   0.3  -1.7   0.7  -0.2   0.4   0.4   1.2
 1980  -0.3  -0.1  -0.2   0.3   0.4   0.2   0.4   0.8   0.8   0.1   0.4   0.0
 1981  -1.1  -0.2   2.5   0.5  -0.4  -0.8  -1.0  -0.2  -0.4   0.5  -0.3   0.2
 1982   0.1   0.6   0.1   0.7   1.0   1.6   1.7   2.1   2.1   1.9   2.4   2.0
 1983   3.6   3.9   2.7   0.7   0.8   1.0   1.6   1.5   0.2  -0.1   1.0   1.2
 1984   0.9  -1.1   0.7   0.7   0.2   0.9   0.4  -0.4  -0.1   0.7   0.6  -2.2
 1985   1.3  -1.0  -1.3  -1.9  -1.5   0.3   0.8  -0.2  -0.4   0.1  -0.3   0.3
 1986  -1.5   0.5   1.0  -0.1   0.7  -1.3  -0.0  -0.6   0.3   0.3   0.6   2.4
 1987   0.9   1.0   3.3   2.1   1.7   0.8   1.9   1.7   1.6   0.6   0.2   0.5
 1988   1.6   0.3  -0.6   0.7  -0.1   1.6  -0.0  -0.1  -1.3  -1.5  -1.3  -0.8
 1989  -0.8   0.4  -0.1  -1.8  -0.8   0.5  -0.7   0.7  -0.2  -0.7  -0.0   1.6
 1990   0.7   3.6   0.9   0.3  -0.6   0.1  -0.0   0.9   1.4   0.3   0.4   0.4
 1991   0.1   0.1   2.1   0.5   1.7   1.0   0.6   1.4   1.4   0.5   1.4   1.2
 1992   3.9   1.3   3.1   1.6   0.2   0.2   2.1   0.2  -0.7   0.6   0.8   0.0
 1993   0.6   0.0   2.7   2.0   1.5   1.6   0.7   2.5   1.5   1.4   0.3  -0.3
 1994   0.5   0.1   2.0   1.4   1.1   0.6   1.3   2.3   1.6   1.3   1.1   2.0
 1995   0.8   1.4  -0.2   0.2   0.7   0.7  -0.1   0.6   0.1  -0.4   0.1   0.2
 1996  -0.5  -0.2  -0.0  -0.4   1.3   0.1  -0.3  -0.2  -1.6  -0.9  -0.3  -1.7
 1997   1.1  -1.6   1.2   2.5   1.0   2.4   1.5   2.5   2.8   2.8   2.7   1.3
 1998   1.6   3.8   2.6   1.7   0.6  -0.2  -0.2   0.1  -0.3  -1.0  -1.4  -1.4
 1999  -1.3  -0.2  -1.1  -0.7   1.2   0.8   0.4   1.4   0.5  -0.3  -0.7  -0.7
 2000   0.5   0.2  -0.0  -0.8   0.8   1.2   0.3  -0.4   0.1  -1.5  -2.2  -2.4
 2001   1.0  -2.9   0.5   0.0   1.3  -0.1   0.6   0.7  -0.1  -0.7  -0.3   0.4
 2002   1.0   0.2   1.7   0.6   1.2   0.8   1.8   1.1   1.1  -0.1   1.1   1.8
 2003   0.7   0.2   1.1   1.1   0.6   0.7   0.6   0.4   0.2  -0.3   0.6  -1.1
 2004   1.4  -0.2  -0.6   1.2  -0.3   2.2   1.1   0.9   1.2   0.5   0.5   0.0
 2005   0.1   2.6   1.1   1.7   1.4  -0.2   0.4   0.9   0.0  -0.7  -0.4   0.4
 2006  -1.5   1.0  -1.2  -1.7   1.2   1.2   1.6   2.0   1.4   2.3   1.1   1.4
 2007   0.5   0.7   0.3   1.2   0.9  -0.8   1.4   0.8  -0.4  -0.6  -1.1  -1.3
 2008  -1.3  -1.7   1.0   0.5   1.3   0.8   0.6   0.9  -0.2   0.4  -0.6  -0.8
 2009  -0.2  -1.2   1.1  -0.1  -0.3   0.4   0.3   0.3  -0.6   0.8   0.2   0.6
 2010  -0.3   1.4   1.5   0.2  -0.7   0.9  -0.4  -0.4  -1.1  -1.3  -0.2  -2.4
 2011  -1.1  -1.4  -1.1  -0.5   1.1   1.2   0.4   1.0   0.7  -0.3  -0.1  -2.3
 2012  -0.2   0.8  -1.1   1.3   0.4   1.0  -0.0   1.4   0.3   0.2   0.6   0.4
 2013  -0.4   0.8  -0.2   0.3  -0.1  -1.1  -0.3   0.5  -0.3   0.1  -1.0   0.4
 2014  -1.2  -0.4   1.7  -0.5   0.8   0.2   1.1   1.9   1.2   1.0   1.2   0.2
 2015   0.3   1.4   1.5   1.1   2.2   1.0   2.2   2.2   2.0   3.2   0.8  -0.3
 2016   4.0   2.2   1.8   1.4   0.0  -0.1   0.3  -0.2  -0.9  -0.2   0.1  -0.6
 2017  -0.2   0.7  -0.0   0.3   0.8   1.2   0.4   0.4   0.4  -1.2  -1.3   0.0
 2018  -1.4   0.6  -1.3   0.1   1.3   1.4  -0.0   0.5   0.4   0.4   0.7  -1.1
 2019   0.6   2.6   1.0   0.7   1.4   1.5   1.4   1.7   2.6   0.8   1.0   1.1
 2020   1.0   1.0   1.7   1.1   1.5   0.6  -0.1  -0.1  -0.3  -0.6   0.3  -0.8
 2021  -0.6  -1.4   0.7   0.3   0.4   0.8  -0.5   0.7   0.1  -0.9  -0.4  -0.8
 2022   0.3   0.5   0.1  -0.9  -0.5  -0.6   0.3  -0.4  -0.6  -1.3  -0.1  -1.7
 2023  -0.2  -1.1   1.0  -0.3   2.2   0.5   1.3   2.5   1.7   2.3   1.5   0.7
 2024  -0.0   1.8   0.9 -99.9 -99.9 -99.9 -99.9 -99.9 -99.9 -99.9 -99.9 -99.9
